Variable: lastmonth_activity
---------------
Mean: 5625.923076923077
Median: 425.0
Std: 19444.774621317832

Variable: lastyear_activity
---------------
Mean: 763.5384615384615
Median: 97.5
Std: 2016.6093569309696

Variable: number_of_employees
---------------
Mean: 457.46153846153845
Median: 99.0
Std: 800.6048328991891

Variable: exited
---------------
Mean: 0.5
Median: 0.5
Std: 0.5099019513592785

